A = [1 1 1 0 0 0
    0 -1 0 1 -1 0
    0 0 -1 0 0 1
    0 0 0 0 1 -1
    0 10 -10 0 -15 -5
    5 -10 0 -20 0 0 ];
b = [0 0 0 0 0 200]';
current = A\b